OC3:
  validity_limit: 30
  S2:
    a0: 0.2424
    a1: -2.2146
    a2: 1.15193
    a3: -0.7702
    a4: -0.4291
  L8:
    a0: 0.30963
    a1: -2.40052
    a2: 1.28932
    a3: 0.52802
    a4: -1.33825
OC2:
  validity_limit: 30
  S2:
    a0: 0.2389
    a1: 1.9369
    a2: 1.7627
    a3: 3.0777
    a4: 0.1054
  L8:
    a0: 0.1977
    a1: -1.8117
    a2: 1.9743
    a3: -2.5635
    a4: -0.7218

