Lee_2013_QAAv5:
  qaa_version: Lee_2009_QAAv5
  validity_limit: 999
  S2:
    wl: [443, 492, 560, 665]
    bw: [0.00483803, 0.00283806, 0.00179610, 0.00086586]
    gamma: 0.265
    m: [0.005, 4.18, 0.52, 10.8] #acolite [1.118,4.373,0.657,1.489]
  L8:
    wl: [443, 482, 560, 655]
    bw: [0.0042, 0.0028, 0.0016, 0.0008]
    gamma: 0.265
    m: [0.005, 4.18, 0.52, 10.8]
Lee_2013_QAAv6:
  qaa_version: Lee_2016_QAAv6
  validity_limit: 999
  S2:
    wl: [443, 492, 560, 665]
    bw: [ 0.00483803, 0.00283806, 0.00179610, 0.00086586 ]
    gamma: 0.265
    m: [0.005, 4.18, 0.52, 10.8]
  L8:
    wl: [443, 482, 560, 655]
    bw: [0.0042, 0.0028, 0.0016, 0.0008]
    gamma: 0.265
    m: [0.005, 4.18, 0.52, 10.8]