qaa_v5:
  wl0: 560
  aw_wl0: 0.0619000
  bbw_wl0: 0.000894655
  T: 0.52
  yQ: 1.7
  h0: -1.1459
  h1: -1.36583
  h2: 0.46927
  g0: 0.08945
  g1: 0.1247
  a: 2
  b: 1
  c: 1.2
  d: -0.9